Wai
Waiting for sync message
1:52:50 14 5 2015 1 0 0 1 
6:52:51 14 5 2015 1 0 0 1 
3:52:52 15 5 2015 1 0 0 1 
14:52:53 15 5 2015 1 0 0 1 
10:52:58 25 4 2015 1 1 1 1 
15:52:59 25 4 2015 1 1 1 1 
10:53:01 26 4 2015 1 1 1 1 
21:53:01 26 4 2015 1 1 1 1 
16:53:02 27 4 2015 1 1 1 1 
18:53:04 27 5 2015 1 1 1 1 
1:53:05 01 5 2015 1 1 1 1 
5:53:06 01 5 2015 1 1 1 1 
11:53:23 03 5 2015 1 1 1 1 
15:53:24 03 4 2015 1 1 1 1 
14:53:25 10 4 2015 1 1 1 1 
18:53:26 10 4 2015 1 1 1 1 
19:53:27 11 4 2015 1 1 1 1 
20:53:28 11 4 2015 1 1 1 1 
3:53:29 12 4 2015 1 1 1 1 
8:53:35 12 4 2015 1 1 1 1 
18:53:42 13 4 2015 1 1 1 1 
15:53:43 13 4 2015 1 1 1 1 
20:53:45 05 4 2015 1 1 1 1 
05:54:04 05 4 2015 1 1 1 1 
10:54:04 06 4 2015 1 1 1 1 
02:55:19 06 4 2015 1 0 0 1 
8:55:21 07 4 2015 1 0 0 1 
12:55:25 07 4 2015 1 1 0 1 
09:56:26 09 4 2015 0 1 1 1 
11:56:36 09 4 2015 0 1 1 1 
5:56:41 09 4 2015 0 1 1 0 
18:56:41 09 4 2015 0 1 1 0 