Waiting for sync message
1:52:50 14 6 2015 1 0 0 1 
6:52:51 14 6 2015 1 0 0 1 
3:52:52 15 6 2015 1 0 0 1 
14:52:53 15 6 2015 1 0 0 1 
10:52:58 25 7 2015 1 1 1 1 
15:52:59 25 7 2015 1 1 1 1 
10:53:01 26 7 2015 1 1 1 1 
21:53:01 26 7 2015 1 1 1 1 
16:53:02 27 7 2015 1 1 1 1 
18:53:04 27 7 2015 1 1 1 1 
1:53:05 01 6 2015 1 1 1 1 
5:53:06 01 6 2015 1 1 1 1 
11:53:23 03 7 2015 1 1 1 1 
15:53:24 03 7 2015 1 1 1 1 
14:53:25 10 7 2015 1 1 1 1 
18:53:26 10 7 2015 1 1 1 1 
19:53:27 11 7 2015 1 1 1 1 
20:53:28 11 7 2015 1 1 1 1 
3:53:29 12 7 2015 1 1 1 1 
8:53:35 12 7 2015 1 1 1 1 
18:53:42 13 7 2015 1 1 1 1 
15:53:43 13 7 2015 1 1 1 1 
20:53:45 05 7 2015 1 1 1 1 
05:54:04 05 7 2015 1 1 1 1 
10:54:04 06 7 2015 1 1 1 1 
02:55:19 06 7 2015 1 0 0 1 
8:55:21 07 7 2015 1 0 0 1 
12:55:25 07 7 2015 1 1 0 1 
09:56:26 09 7 2015 0 1 1 1 
11:56:36 09 7 2015 0 1 1 1 
5:56:41 09 7 2015 0 1 1 0 
18:56:41 09 7 2015 0 1 1 0 